local HatMeshDatabase = {
	-- Heads
	{MeshId = "11601535857", TextureId = "", Offset = CFrame.Angles(0, 3.14, 0), For = "Head"},
	{MeshId = "13953153289", TextureId = "", Offset = CFrame.identity, For = "Head"},

	-- Arms
	{MeshId = "11263221350", TextureId = "11263219250", Offset = CFrame.Angles(1.57, 0, 1.57), For = "LeftArm"},
	{MeshId = "11159370334", TextureId = "11159284657", Offset = CFrame.Angles(-1.57, 0, 1.57), For = "RightArm"},
	{MeshId = "14255522247", TextureId = "", Offset = CFrame.Angles(1.57, 0, 1.57), For = "LeftArm"},
	{MeshId = "17374767929", TextureId = "", Offset = CFrame.Angles(1.57, 0, 1.57), For = "LeftArm"},
	{MeshId = "12344207333", TextureId = "", Offset = CFrame.Angles(2, 0, 0), For = "LeftArm"},
	{MeshId = "12344206657", TextureId = "", Offset = CFrame.Angles(2, 0, 0), For = "RightArm"},
	{MeshId = "13831073174", TextureId = "", Offset = CFrame.new(0.017, 0, -0.23) * CFrame.Angles(-1.48, -0.57, 2.2), For = "LeftArm"},
	{MeshId = "13839903766", TextureId = "", Offset = CFrame.new(0, -0.62, -0.01) * CFrame.Angles(1.66, 0.57, -2.2), For = "RightArm"},
	{MeshId = "125405780718494", TextureId = "", Offset = CFrame.Angles(1.57, 0, 1.57), For = "LeftArm"},
	{MeshId = "105263225400272", TextureId = "", Offset = CFrame.Angles(0, 0, 1.57), For = "LeftArm"},

	-- Legs
	{MeshId = "11159370334", TextureId = "11159285454", Offset = CFrame.Angles(1.57, 0, 1.57), For = "LeftLeg"},
	{MeshId = "12652772399", TextureId = "12652775021", Offset = CFrame.new(0, -0.125, 0), For = "RightLeg"},
	{MeshId = "14768684979", TextureId = "", Offset = CFrame.Angles(0, 0, 1.57), For = "LeftLeg"},
	{MeshId = "17387586286", TextureId = "", Offset = CFrame.Angles(1.57, 0, 1.57), For = "LeftLeg"},
	{MeshId = "125405780718494", TextureId = "", Offset = CFrame.Angles(1.57, 0, 1.57), For = "LeftLeg"},
	{MeshId = "83395427313429", TextureId = "", Offset = CFrame.Angles(0, 0, 1.57), For = "LeftLeg"},

	-- Torsos
	{MeshId = "14768666349", TextureId = "", Offset = CFrame.identity, For = "Torso"},
	{MeshId = "14241018198", TextureId = "", Offset = CFrame.identity, For = "Torso"},
	{MeshId = "13421774668", TextureId = "", Offset = CFrame.identity, For = "Torso"},
	{MeshId = "110684113028749", TextureId = "", Offset = CFrame.identity, For = "Torso"},
	{MeshId = "4819720316", TextureId = "4819722776", Offset = CFrame.Angles(0, 0, 0.26), For = "Torso"},
	{MeshId = "126825022897778", TextureId = "", Offset = CFrame.identity, For = "Torso"},
	{MeshId = "139792224823925", TextureId = "", Offset = CFrame.identity, For = "Torso"},

	-- Fur body + R15 Arms + Smiley Legs Rig
	{MeshId = "13953154391", TextureId = "", Offset = CFrame.identity, For = "Head"},
	{MeshId = "13778226115", TextureId = "", Offset = CFrame.identity, For = "Torso"},
	{MeshId = "11159370334", TextureId = "11159284657", Offset = CFrame.Angles(1.57, 0, 1.57), For = "LeftLeg"},
	{MeshId = "11263221350", TextureId = "11263219250", Offset = CFrame.Angles(-1.57, 0, 1.57), For = "RightLeg"},
	{MeshId = "12344207333", TextureId = "", Offset = CFrame.Angles(2, 0, 0), For = "LeftArm"},
	{MeshId = "12344206657", TextureId = "", Offset = CFrame.Angles(2, 0, 0), For = "RightArm"},

	-- White head, arms and legs rig
	{MeshId = "110684113028749", TextureId = "", Offset = CFrame.identity, For = "Torso"},
	{MeshId = "13058343355", TextureId = "", Offset = CFrame.Angles(0, 3.14, 0), For = "Head"},
	{MeshId = "90736849096372", TextureId = "", Offset = CFrame.Angles(0, 0, 1.57), For = "LeftArm"},
	{MeshId = "105141400603933", TextureId = "", Offset = CFrame.Angles(0, 0, 1.57), For = "RightArm"},
	{MeshId = "139733645770094", TextureId = "", Offset = CFrame.Angles(0, 0, 1.57), For = "LeftLeg"},
	{MeshId = "99608462237958", TextureId = "", Offset = CFrame.Angles(0, 0, 1.57), For = "RightLeg"},

	-- Bevel-less Dummy Rig
	{MeshId = "13953094351", TextureId = "", Offset = CFrame.identity, For = "Head"},
	{MeshId = "127552124837034", TextureId = "", Offset = CFrame.Angles(0, 0, 1.57), For = "Torso"},
	{MeshId = "117287001096396", TextureId = "", Offset = CFrame.identity, For = "LeftArm"},
	{MeshId = "121304376791439", TextureId = "", Offset = CFrame.identity, For = "LeftLeg"},

	-- Noob Rig
	-- head
	{MeshId = "13058309233", TextureId = "", Offset = CFrame.Angles(0, 3.14, 0), For = "Head"},
	-- offsale
	{MeshId = "18640899369", TextureId = "18640899481", Offset = CFrame.identity, For = "Torso"},
	{MeshId = "18640914129", TextureId = "18640914168", Offset = CFrame.identity, For = "LeftArm"},
	{MeshId = "18640901641", TextureId = "18640901676", Offset = CFrame.identity, For = "LeftLeg"},
	-- onsale
	{MeshId = "126825022897778", TextureId = "", Offset = CFrame.identity, For = "Torso"},
	{MeshId = "", TextureId = "135650240593878", Offset = CFrame.Angles(0, 0, 1.57), For = "LeftArm"},
	{MeshId = "", TextureId = "73798034827573", Offset = CFrame.Angles(0, 0, 1.57), For = "LeftLeg"},

	-- Immortality Lord Rig (comes in multiple hats!)
	{MeshId = "17269636541", TextureId = "", Offset = CFrame.identity, For = "Torso"},
	{MeshId = "17269753087", TextureId = "", Offset = CFrame.Angles(0, 3.14, 0), For = "Head"},
	{MeshId = "17375312569", TextureId = "", Offset = CFrame.new(0, -1.07, -0.1, -1, 0, 0, 0, 1, 0, 0, 0, -1), For = "Head"},
	{MeshId = "17269487439", TextureId = "", Offset = CFrame.Angles(0, 0, 1.57), For = "ArmLeg"},
	{MeshId = "111946216585470", TextureId = "", Offset = CFrame.identity, For = "Torso"},
	{MeshId = "92572400594624", TextureId = "", Offset = CFrame.Angles(0, 3.14, 0), For="Head"},
	{MeshId = "117649985156221", TextureId = "", Offset = CFrame.identity, For = "LeftArm"},
	{MeshId = "93749227415046", TextureId = "", Offset = CFrame.identity, For =" RightArm"},
	{MeshId = "137156465227879", TextureId = "", Offset = CFrame.identity, For = "LeftLeg"},
	{MeshId = "76010149115685", TextureId = "", Offset = CFrame.identity, For = "RightLeg"},
	{MeshId = "126825022897778", TextureId = "", Offset = CFrame.identity, For = "Torso"},
	{MeshId = "138744606849121", TextureId = "83207562332062", Offset = CFrame.Angles(0, 0, 1.57), For = "ArmLeg"},
}
local HatNameDatabase = {
	{Match = "Accessory (LARM)", Offset = CFrame.Angles(0, 0, 1.57), For = "LeftArm"},
	{Match = "Accessory (RARM)", Offset = CFrame.Angles(0, 0, 1.57), For = "RightArm"},
	{Match = "Accessory (LLEG)", Offset = CFrame.Angles(0, 0, 1.57), For = "LeftLeg"},
	{Match = "Accessory (RLEG)", Offset = CFrame.Angles(0, 0, 1.57), For = "RightLeg"},
	{Match = "Accessory (TorsoNoob)", Offset = CFrame.identity, For = "Torso"},
	{Match = "Accessory (TorsoWhite)", Offset = CFrame.identity, For = "Torso"},
	{Match = "Accessory (Torso)", Offset = CFrame.identity, For = "Torso"},
	{Match = "Accessory (LArmNoob)", Offset = CFrame.Angles(0, 0, 1.57), For = "LeftArm"},
	{Match = "Accessory (RArmNoob)", Offset = CFrame.Angles(0, 0, 1.57), For = "RightArm"},
	{Match = "Accessory (LLegNoob)", Offset = CFrame.Angles(0, 0, 1.57), For = "LeftLeg"},
	{Match = "Accessory (RLegNoob)", Offset = CFrame.Angles(0, 0, 1.57), For = "RightLeg"},
	{Match = "Accessory (leftleg)", Offset = CFrame.Angles(0, 0, 1.57), For = "LeftLeg"},
	{Match = "Accessory (rightleg)", Offset = CFrame.Angles(0, 0, 1.57), For = "RightLeg"},
	{Match = "Accessory (big head)", Offset = CFrame.identity, For = "Head"},
	{Match = "International Fedora", Offset = CFrame.Angles(1.57, 0, 0), For = "Block"},
	{Match = "InternationalFedora", Offset = CFrame.Angles(1.57, 0, 0), For = "Block"},
	{Match = "Accessory (autorig_Head)", Offset = CFrame.identity, For = "Head"},
	{Match = "Accessory (autorig_Torso)", Offset = CFrame.identity, For = "Torso"},
	{Match = "Accessory (autorig_LeftArm)", Offset = CFrame.identity, For = "LeftArm"},
	{Match = "Accessory (autorig_RightArm)", Offset = CFrame.identity, For = "RightArm"},
	{Match = "Accessory (autorig_LeftLeg)", Offset = CFrame.identity, For = "LeftLeg"},
	{Match = "Accessory (autorig_RightLeg)", Offset = CFrame.identity, For = "RightLeg"},
}
local HatKnownAccessoriesDatabase = {
	-- Immortality Lord Accessories
	-- wings
	{
		MeshId = "17269814619", TextureId = "",
		C0 = CFrame.new(-0.15, 0, 0),
		C1 = CFrame.new(-2.2, 2, -1.5) * CFrame.Angles(0, math.rad(90), 0),
		Limb = "Torso", Group = "LeftWing"
	},
	{
		MeshId = "17269824947", TextureId = "",
		C0 = CFrame.new(0.15, 0, 0),
		C1 = CFrame.new(-2.2, 2, 1.5) * CFrame.Angles(0, math.rad(90), 0),
		Limb = "Torso", Group = "RightWing"
	},
	-- sword
	{
		MeshId = "17326555172", TextureId = "",
		C0 = CFrame.new(0, 0, 0.6) * CFrame.Angles(0, 0, math.rad(115)) * CFrame.Angles(0, math.rad(90), 0) * CFrame.new(0, -2, 0),
		C1 = CFrame.new(-0.0023765564, 5.41595364, 9.20755196, -1, 0, 0, 0, -0.519688249, -0.85435611, 0, -0.854355931, 0.519688308),
		Limb = "Torso", Group = "Sword",
		Attachments = {
			SwordAttachment = CFrame.new(-0.00199868693, -2.37924528, -3.60738397, -1, 8.74227766e-08, 0, -4.54321416e-08, -0.519683123, -0.85435909, -7.46904405e-08, -0.85435909, 0.519683123),
		}
	},
	{
		MeshId = "17326476901", TextureId = "",
		C0 = CFrame.new(0, 0, 0.6) * CFrame.Angles(0, 0, math.rad(115)) * CFrame.Angles(0, math.rad(90), 0) * CFrame.new(0, -2, 0),
		C1 = CFrame.new(-0.00237464905, 1.96199441, 2.19341898, -1, 0, 0, 0, -0.519688249, -0.85435611, 0, -0.854355931, 0.519688308),
		Limb = "Torso", Group = "Sword"
	},

	-- Lightning Cannon Accessories
	-- cannon
	{
		MeshId = "77229698901212", TextureId = "",
		C0 = CFrame.new(-1.20000005, -0.5, -0.5, 1, 2.29397301e-09, 2.62201709e-08, 2.62201709e-08, -0.173648342, -0.98480773, 2.29397301e-09, 0.98480773, -0.173648342),
		C1 = CFrame.new(-4.80999994, -1.22500002, 0, -4.37113883e-08, 1, 4.37113883e-08, -0, -4.37113883e-08, 1, 1, 4.37113883e-08, 1.91068547e-15),
		Limb = "Torso", Group = "Gun",
		Attachments = {
			GunAttachment = CFrame.new(2.29999971, 0.0999908447, 0, -4.37114878e-08, 1, 2.18948799e-06, 1.39334895e-14, -2.18948799e-06, 1, 1, 4.37114878e-08, 8.17722897e-14),
		}
	},
	{
		MeshId = "76443789550926", TextureId = "",
		C0 = CFrame.new(-1.20000005, -0.5, -0.5, 1, 2.29397301e-09, 2.62201709e-08, 2.62201709e-08, -0.173648342, -0.98480773, 2.29397301e-09, 0.98480773, -0.173648342),
		C1 = CFrame.new(0.5, -1, 0, -4.37113883e-08, 1, 4.37113883e-08, -0, -4.37113883e-08, 1, 1, 4.37113883e-08, 1.91068547e-15),
		Limb = "Torso", Group = "Gun"
	},

	-- Swords
	{ -- 4794315940
		MeshId = "4315410540", TextureId = "",
		C0 = CFrame.new(0, 0, 0.6) * CFrame.Angles(0, 0, math.rad(-160)) * CFrame.Angles(0, math.rad(90), 0) * CFrame.new(0, -3, 0),
		C1 = CFrame.new(2, 2, 0, 0, -0.707106769, 0.707106769, 0, -0.707106769, -0.707106769, 1, 0, 0),
		Limb = "Torso", Group = "Sword",
		Attachments = {
			SwordAttachment = CFrame.new(-2.44241333, -2.44241714, 0, 0, -0.707105994, 0.707107544, 0, -0.707107544, -0.707105994, 1, 0, 0),
		}
	},
	{ -- 5268720002
		MeshId = "5254583415", TextureId = "",
		C0 = CFrame.new(0, 0, 0.6) * CFrame.Angles(0, 0, math.rad(135)) * CFrame.Angles(0, math.rad(90), 0) * CFrame.new(0, -4, 0),
		C1 = CFrame.new(0, 2.5711503, -3.06417799, 1, 0, 0, 0, -0.642787635, -0.766044438, 0, 0.766044438, -0.642787635),
		Limb = "Torso", Group = "Sword",
		Attachments = {
			SwordAttachment = CFrame.new(0, -3.14966202, 3.75361824, 1, 0, 0, 0, -0.642789066, -0.766043246, 0, 0.766043246, -0.642789066),
		}
	},
	{ -- 12798859142
		MeshId = "12798770968", TextureId = "",
		C0 = CFrame.new(0, 0, 0.6) * CFrame.Angles(0, 0, math.rad(-135)) * CFrame.Angles(0, math.rad(90), 0) * CFrame.new(0, -3, 0),
		C1 = CFrame.new(0, 0, 2.8, -1, 0, 0, -0, 0, -1, 0, -1, 0),
		Limb = "Torso", Group = "Sword",
		Attachments = {
			SwordAttachment = CFrame.new(0, -0.600002289, -3.50000024, -1, -1.50995589e-07, 5.1107946e-13, 3.55270555e-14, -3.62001674e-06, -1, 1.50995589e-07, -1, 3.62001674e-06),
		}
	},
	{ -- 15189036472
		MeshId = "15188973493", TextureId = "",
		C0 = CFrame.new(-1.2, -0.5, -0.8, 1, 0, 0, 0, -0.342020363, -0.939692557, 0, 0.939692557, -0.342020363),
		C1 = CFrame.new(0, 0.1, -1.5, 1, 0, 0, 0, -0.173648342, -0.98480773, 0, 0.98480773, -0.173648342),
		Limb = "Torso", Group = "Sword",
		Attachments = {
			SwordAttachment = CFrame.new(0, -0.445755005, 1.95225215, 1, 0, 0, 0, -0.173646465, -0.984808147, 0, 0.984808147, -0.173646465),
		}
	},
	{ -- 7548993875
		MeshId = "7547179386", TextureId = "",
		C0 = CFrame.new(0, 0, 0.6) * CFrame.Angles(0, 0, math.rad(-135)) * CFrame.Angles(0, math.rad(90), 0) * CFrame.new(0, -2, 0),
		C1 = CFrame.new(1.2, 1.6, 0, 0.0560226142, -0.64034164, 0.766044438, 0.0667650923, -0.763129413, -0.642787635, 0.99619472, 0.0871556699, 0),
		Limb = "Torso", Group = "Sword",
		Attachments = {
			SwordAttachment = CFrame.new(-1.85699463, -2.21307373, 0.252754211, 0.0560226217, -0.640343368, 0.766043067, 0.0667650998, -0.763128042, -0.642789364, 0.99619472, 0.0871556848, 1.56462193e-07),
		}
	},
	{ -- 6311311281
		MeshId = "6309353955", TextureId = "",
		C0 = CFrame.new(1.2, -0.5, -2, 1, 0, 0, 0, -0.342020363, -0.939692557, 0, 0.939692557, -0.342020363),
		C1 = CFrame.new(3, 1.89999998, 0, -8.1469814e-08, -0.829037607, -0.559192836, -8.44357686e-08, -0.559192836, 0.829037607, -1, 1.1475742e-07, -2.44430947e-08),
		Limb = "Torso", Group = "Sword",
		Attachments = {
			SwordAttachment = CFrame.new(-2.20946121, -1.73155212, 0, -8.1470084e-08, -0.829036415, -0.559194624, -8.44359747e-08, -0.559194624, 0.829036415, -1, 1.1475781e-07, -2.4442862e-08),
		}
	},
	{ -- 6411969239
		MeshId = "6410486978", TextureId = "",
		C0 = CFrame.new(-1.2, -0.5, -2, 1, 0, 0, 0, -0.342020363, -0.939692557, 0, 0.939692557, -0.342020363),
		C1 = CFrame.new(3, 1.89999998, 0, -8.1469814e-08, -0.829037607, -0.559192836, -8.44357686e-08, -0.559192836, 0.829037607, -1, 1.1475742e-07, -2.44430947e-08),
		Limb = "Torso", Group = "Sword",
		Attachments = {
			SwordAttachment = CFrame.new(-2.20946121, -1.73155212, 0, -8.1470084e-08, -0.829036415, -0.559194624, -8.44359747e-08, -0.559194624, 0.829036415, -1, 1.1475781e-07, -2.4442862e-08),
		}
	},
	{ -- 73493067082557
		MeshId = "72666399517938", TextureId = "",
		C0 = CFrame.new(0, 0, 0.6) * CFrame.Angles(0, 0, math.rad(160)) * CFrame.Angles(0, math.rad(90), 0) * CFrame.new(0, -3, 0),
		C1 = CFrame.new(0, 7.62939e-06, 3.5, 0, 0, -1, 1, 0, 0, 0, -1, 0),
		Limb = "Torso", Group = "Sword",
		Attachments = {
			SwordAttachment = CFrame.new(0, 0, -4.75, 0, 0, -1, 1, 0, 0, 0, -1, 0),
		}
	},
	{ -- 6411978911
		MeshId = "6410486686", TextureId = "",
		C0 = CFrame.new(-1.2, -0.5, -2, 1, 0, 0, 0, -0.342020363, -0.939692557, 0, 0.939692557, -0.342020363),
		C1 = CFrame.new(3, 1.89999998, 0, -8.1469814e-08, -0.829037607, -0.559192836, -8.44357686e-08, -0.559192836, 0.829037607, -1, 1.1475742e-07, -2.44430947e-08),
		Limb = "Torso", Group = "Sword",
		Attachments = {
			SwordAttachment = CFrame.new(-2.20946121, -1.73155212, 0, -8.1470084e-08, -0.829036415, -0.559194624, -8.44359747e-08, -0.559194624, 0.829036415, -1, 1.1475781e-07, -2.4442862e-08),
		}
	},

	-- Guns
	{ -- 4623059912
		MeshId = "4615369575", TextureId = "",
		C0 = CFrame.new(-1.2, -0.5, -0.8, 1, 0, 0, 0, -0.342020363, -0.939692557, 0, 0.939692557, -0.342020363),
		C1 = CFrame.new(-1.2, 0.5, 0, 0, 0.707106769, 0.707106829, 0, -0.707106829, 0.707106769, 1, 0, 0),
		Limb = "Torso", Group = "Gun",
		Attachments = {
			GunAttachment = CFrame.new(1.98886108, -1.84744835, 0, 0, 0.707105279, 0.707108319, 0, -0.707108319, 0.707105279, 1, 0, 0),
		}
	},
	{ -- 17382649150
		MeshId = "17364671821", TextureId = "",
		C0 = CFrame.new(0, 0, 0.6) * CFrame.Angles(0, 0, math.rad(-60)) * CFrame.Angles(0, math.rad(90), 0) * CFrame.new(0, -2, 0),
		C1 = CFrame.new(0, 0.4, 1.7, -1, 0, 0, 0, 0, -1, 0, -1, 0),
		Limb = "Torso", Group = "Gun",
		Attachments = {
			GunAttachment = CFrame.new(0, 0.200004578, -2.09999967, -1, -1.50995902e-07, -3.03469733e-13, -1.39334811e-14, 2.10206508e-06, -1, 1.50995902e-07, -1, -2.10206508e-06),
		}
	},
	{ -- 17174236857
		MeshId = "17174159690", TextureId = "",
		C0 = CFrame.new(0, 0, 0.6) * CFrame.Angles(0, 0, math.rad(-60)) * CFrame.Angles(0, math.rad(90), 0) * CFrame.new(0, -2, 0),
		C1 = CFrame.new(0, 0.4, 1.7, -1, 0, 0, 0, 0, -1, 0, -1, 0),
		Limb = "Torso", Group = "Gun",
		Attachments = {
			GunAttachment = CFrame.new(0, 0.200004578, -2.09999967, -1, -1.50995902e-07, -3.03469733e-13, -1.39334811e-14, 2.10206508e-06, -1, 1.50995902e-07, -1, -2.10206508e-06),
		}
	},
	{ -- 6775268462
		MeshId = "6774736084", TextureId = "",
		C0 = CFrame.new(0, 0, 0.6) * CFrame.Angles(0, 0, math.rad(-60)) * CFrame.Angles(0, math.rad(90), 0) * CFrame.new(0, -2, 0),
		C1 = CFrame.new(0, 0.4, 1.7, -1, 0, 0, 0, 0, -1, 0, -1, 0),
		Limb = "Torso", Group = "Gun",
		Attachments = {
			GunAttachment = CFrame.new(0, -0.1, -2.5, -1, -1.50995902e-07, -3.03469733e-13, -1.39334811e-14, 2.10206508e-06, -1, 1.50995902e-07, -1, -2.10206508e-06),
		}
	},
	{ -- 14847744375
		MeshId = "14847654884", TextureId = "",
		C0 = CFrame.new(-1, -0.699999988, 0.600000024, -4.37113883e-08, 0.939692676, 0.342020035, 0, 0.342020035, -0.939692676, -1, -4.10752712e-08, -1.49501709e-08),
		C1 = CFrame.new(-1.29999995, -0.300000012, 0, -4.37113883e-08, 1, -4.37113883e-08, -0, -4.37113883e-08, -1, -1, -4.37113883e-08, 1.91068547e-15) * CFrame.Angles(0, math.pi, 0),
		Limb = "Torso", Group = "Gun",
		Attachments = {
			GunAttachment = CFrame.new(2.70000005, 0.400001526, 0, -4.37113883e-08, 1, -4.37113883e-08, -0, -4.37113883e-08, -1, -1, -4.37113883e-08, 1.91068547e-15),
		}
	},
	{ -- 15034807966
		MeshId = "15033232117", TextureId = "",
		C0 = CFrame.new(0, 0, 0.6) * CFrame.Angles(0, 0, math.rad(10)) * CFrame.Angles(0, math.rad(90), 0) * CFrame.new(0, -1, 0),
		C1 = CFrame.new(0, 0, -1, 1, 0, 0, 0, 0, -1, 0, 1, 0) * CFrame.Angles(0, math.pi, 0),
		Limb = "Torso", Group = "Gun",
		Attachments = {
			GunAttachment = CFrame.new(0, 0.5, 2.2, 1, 0, 0, 0, 0, -1, 0, 1, 0),
		}
	},
	{ -- 5552252553
		MeshId = "5548423017", TextureId = "",
		C0 = CFrame.new(0, 0, 0.6) * CFrame.Angles(0, 0, math.rad(140)) * CFrame.Angles(0, math.rad(90), 0) * CFrame.new(0, -1, 0),
		C1 = CFrame.new(0.795753, 1.12828, 0, 0, -0.5, -0.866025, 0, -0.866025, 0.5, -1, 0, 0),
		Limb = "Torso", Group = "Gun",
		Attachments = {
			GunAttachment = CFrame.new(-1.83702, -1.68181, 0, 0, -0.5, -0.866025, 0, -0.866025, 0.5, -1, 0, 0),
		}
	},
	{ -- 15254947445
		MeshId = "15172160708", TextureId = "",
		C0 = CFrame.new(0, 0, 0.6) * CFrame.Angles(0, 0, math.rad(-135)) * CFrame.Angles(0, math.rad(90), 0) * CFrame.new(0, -1, 0),
		C1 = CFrame.new(1.7586, 1.47563, -0.658649, -0.642788, -0.754406, 0.133022, 0.766044, -0.633022, 0.111619, 0, 0.173648, 0.984808),
		Limb = "Torso", Group = "Gun",
		Attachments = {
			GunAttachment = CFrame.new(-1.62243, -1.1982, 0.101089, -0.642788, -0.754406, 0.133022, 0.766044, -0.633022, 0.111619, 0, 0.173648, 0.984808),
		}
	},
	{ -- 130264270502525
		MeshId = "105473254683766", TextureId = "",
		C0 = CFrame.new(0, 0, 0.6) * CFrame.Angles(0, 0, math.rad(-135)) * CFrame.Angles(0, math.rad(90), 0) * CFrame.new(0, -1, 0),
		C1 = CFrame.new(0.849705, -0.429243, 7.62939e-06, 0, -0.766044, -0.642788, 0, -0.642788, 0.766044, -1, 0, 0),
		Limb = "Torso", Group = "Gun",
		Attachments = {
			GunAttachment = CFrame.new(-1.80395, -1.35052, 0, 0, -0.766044, -0.642788, 0, -0.642788, 0.766044, -1, 0, 0),
		}
	},
	{ -- 17550887328
		MeshId = "17550839817", TextureId = "",
		C0 = CFrame.new(0, 0, 0.6) * CFrame.Angles(0, 0, math.rad(45)) * CFrame.Angles(0, math.rad(90), 0) * CFrame.new(0, -1, 0),
		C1 = CFrame.new(-1.02899, 0.127609, 0, 0, 0.5, 0.866025, 0, -0.866025, 0.5, 1, 0, 0),
		Limb = "Torso", Group = "Gun",
		Attachments = {
			GunAttachment = CFrame.new(1.76228, -2.30232, 0, 0, 0.5, 0.866026, 0, -0.866026, 0.5, 1, 0, 0),
		}
	},

	-- Pistols
	{ -- 15034807966
		MeshId = "10703925099", TextureId = "",
		C0 = CFrame.new(0, 1, 0, 1, 0, 0, 0, -1, 0, 0, 0, -1),
		C1 = CFrame.new(0, 0.5, 0, 1, 0, 0, 0, -1, 0, 0, 0, -1),
		Limb = "Torso", Group = "Gun",
		Attachments = {
			GunAttachment = CFrame.new(0, -0.5, -0.52, 1, 0, 0, 0, -1, 0, 0, 0, -1),
		}
	},
	{ -- 6470135113
		MeshId = "6449532798", TextureId = "",
		C0 = CFrame.new(0, 0, 0.6) * CFrame.Angles(0, 0, math.rad(40)) * CFrame.Angles(0, math.rad(90), 0) * CFrame.new(0, -1, 0),
		C1 = CFrame.new(0, -1.375, -7.62939e-06, 0, 0, -1, 0, 1, 0, 1, 0, 0),
		Limb = "Torso", Group = "Gun",
		Attachments = {
			GunAttachment = CFrame.new(-0.375, 1.375, 0, 0, 0, -1, 0, 1, 0, 1, 0, 0),
		}
	},
	{ -- 11882172399
		MeshId = "3729241578", TextureId = "",
		C0 = CFrame.new(-1.1, -0.5, 0, 1, 0, 0, 0, -1, 0, 0, 0, -1),
		C1 = CFrame.new(0, 0.875, 0.125, 1, 0, 0, 0, -1, 0, 0, 0, -1),
		Limb = "Torso", Group = "Gun",
		Attachments = {
			GunAttachment = CFrame.new(0, -0.875, -0.25, 1, 0, 0, 0, -1, 0, 0, 0, -1),
		}
	},
	{ -- 18895018400
		MeshId = "18894853727", TextureId = "",
		C0 = CFrame.new(1.1, -0.5, 0, 1, 0, 0, 0, -1, 0, 0, 0, -1),
		C1 = CFrame.new(0, 0.525084, -0.375, -1, 0, 0, 0, -1, 0, 0, 0, 1),
		Limb = "Torso", Group = "Gun",
		Attachments = {
			GunAttachment = CFrame.new(0, -0.75, 0.125, -1, 0, 0, 0, -1, 0, 0, 0, 1),
		}
	},
	
	-- Bullets
	{ -- 4504231783
		MeshId = "4307568890", TextureId = "",
		C0 = CFrame.new(0, 1.2, 0) * CFrame.Angles(0, math.pi, 0),
		C1 = CFrame.identity,
		Limb = "Left Arm", Group = "Bullet"
	},
	{ -- 150381051
		MeshId = "128216670", TextureId = "",
		C0 = CFrame.new(2, 2, 0),
		C1 = CFrame.identity,
		Limb = "Torso", Group = "Bullet"
	},
	{ -- 191101707
		MeshId = "190770677", TextureId = "",
		C0 = CFrame.new(0, 0.5, 0),
		C1 = CFrame.identity,
		Limb = "Head", Group = "Bullet"
	},

	-- Auras
	{ -- 16755114104
		MeshId = "16755023375", TextureId = "",
		C0 = CFrame.new(0, -24, 0),
		C1 = CFrame.new(0, 0, 0),
		Limb = "HumanoidRootPart", Group = "GunAura"
	},
}

return HatMeshDatabase, HatNameDatabase, HatKnownAccessoriesDatabase